964574999
964574998
964574997
964574996
964574995
964574994
964574993
964574992
964574991
964574990
964574989
964574988
964574987
964574986
964574985
964574984
964574983
964574982
964574981
964574980
964574979
964574978
964574977
964574976
964574975
964574974
964574973
964574972
964574971
964574970
964574969
964574968
964574967
964574966
964574965
964574964
964574963
964574962
964574961
964574960
964574959
964574958
964574957
964574956
964574955
964574954
964574953
964574952
964574951
964574950
964574949
964574948
964574947
964574946
964574945
964574944
964574943
964574942
964574941
964574940
964574939
964574938
964574937
964574936
964574935
964574934
964574933
964574932
964574931
964574930
964574929
964574928
964574927
964574926
964574925
964574924
964574923
964574922
964574921
964574920
964574919
964574918
964574917
964574916
964574915
964574914
964574913
964574912
964574911
964574910
964574909
964574908
964574907
964574906
964574905
964574904
964574903
964574902
964574901
964574900