331016700
331016701
331016702
331016703
331016704
331016705
331016706
331016707
331016708
331016709
331016710
331016711
331016712
331016713
331016714
331016715
331016716
331016717
331016718
331016719
331016720
331016721
331016722
331016723
331016724
331016725
331016726
331016727
331016728
331016729
331016730
331016731
331016732
331016733
331016734
331016735
331016736
331016737
331016738
331016739
331016740
331016741
331016742
331016743
331016744
331016745
331016746
331016747
331016748
331016749
331016750
331016751
331016752
331016753
331016754
331016755
331016756
331016757
331016758
331016759
331016760
331016761
331016762
331016763
331016764
331016765
331016766
331016767
331016768
331016769
331016770
331016771
331016772
331016773
331016774
331016775
331016776
331016777
331016778
331016779
331016780
331016781
331016782
331016783
331016784
331016785
331016786
331016787
331016788
331016789
331016790
331016791
331016792
331016793
331016794
331016795
331016796
331016797
331016798
331016799